Source is not Detected!
Confidence_doca: 0.00
Confidence_tot: 0.0
Bkg_doca: 0 Cnts_doca: 0
Bkg_tot: 5.00806664625 Cnts_tot: 5.00806664625




CRates:  0.49,  2.000000
CRates:  1.49,  0.000000
CRates:  2.45,  1.003241
CRates:  3.50,  0.000000
CRates:  4.50,  1.002502
CRates:  5.48,  0.000000
CRates:  6.50,  0.000000
CRates:  7.51,  1.002323
CRates:  8.36,  0.000000
