Source is not Detected!
Confidence_doca: 0.00
Confidence_tot: 0.0
Bkg_doca: 0 Cnts_doca: 0
Bkg_tot: 2.00362963312 Cnts_tot: 2.00362963312




CRates:  0.54,  0.000000
CRates:  1.50,  0.000000
CRates:  2.51,  0.000000
CRates:  3.50,  0.000000
CRates:  4.49,  0.000000
CRates:  5.50,  0.000000
CRates:  6.52,  0.000000
CRates:  7.50,  0.000000
CRates:  8.55,  1.001790
CRates:  9.50,  1.001839
