Source is not Detected!
Confidence_doca:-0.00
Confidence_tot: -3.96511708142e-16
Bkg_doca: 0 Cnts_doca: 0
Bkg_tot: 5.01751179798 Cnts_tot: 5.01751179798




CRates:  0.49,  0.000000
CRates:  1.51,  0.000000
CRates:  2.50,  0.000000
CRates:  3.53,  1.003627
CRates:  4.50,  0.000000
CRates:  5.51,  2.007130
CRates:  6.49,  1.003455
CRates:  7.51,  0.000000
CRates:  8.49,  1.003300
CRates:  9.44,  0.000000
